/*--------------------------------*- C++ -*----------------------------------*\
  =========                 |
  \\      /  F ield         | OpenFOAM: The Open Source CFD Toolbox
   \\    /   O peration     | Website:  https://openfoam.org
    \\  /    A nd           | Version:  9
     \\/     M anipulation  |
\*---------------------------------------------------------------------------*/
FoamFile
{
    format      ascii;
    class       volVectorField;
    location    "0";
    object      wallShearStress;
}
// * * * * * * * * * * * * * * * * * * * * * * * * * * * * * * * * * * * * * //

dimensions      [0 2 -2 0 0 0 0];

internalField   uniform (0 0 0);

boundaryField
{
    above
    {
        type            calculated;
        value           uniform (0 0 0);
    }
    top
    {
        type            calculated;
        value           uniform (0 0 0);
    }
    inlet
    {
        type            calculated;
        value           uniform (0 0 0);
    }
    outlet
    {
        type            calculated;
        value           uniform (0 0 0);
    }
    plate
    {
        type            calculated;
        value           nonuniform List<vector> 
340
(
(-5.11484 0.0251033 0)
(-5.1109 0.0751555 -4.12485e-21)
(-5.10305 0.124744 4.11212e-21)
(-5.09133 0.173563 1.22792e-20)
(-5.07581 0.221313 -8.13534e-21)
(-5.0566 0.267698 1.29506e-21)
(-5.03381 0.312433 -1.28291e-21)
(-5.00757 0.355241 -2.53755e-21)
(-4.97806 0.395859 0)
(-4.94546 0.434037 0)
(-4.90996 0.469538 0)
(-4.87178 0.502145 -7.43555e-21)
(-4.83116 0.531656 1.45765e-20)
(-4.78835 0.557889 -2.1389e-20)
(-4.74362 0.580682 -9.19345e-21)
(-4.69723 0.599895 -1.13842e-20)
(-4.64948 0.61541 1.97673e-20)
(-4.60066 0.627131 0)
(-4.55107 0.634985 -1.23549e-20)
(-4.50102 0.638924 0)
(-4.45082 0.638924 -1.83788e-21)
(-4.40076 0.634985 0)
(-4.35118 0.627131 0)
(-4.30236 0.61541 -9.97562e-21)
(-4.25461 0.599895 1.41758e-20)
(-4.20822 0.580682 -8.91092e-21)
(-4.16349 0.557889 8.35754e-21)
(-4.12068 0.531656 -3.89564e-21)
(-4.08006 0.502145 0)
(-4.04188 0.469538 6.62361e-21)
(-4.00638 0.434037 -6.024e-21)
(-3.97377 0.395859 8.12265e-21)
(-3.94426 0.355241 -7.19677e-21)
(-3.91803 0.312433 0)
(-3.89524 0.267698 2.65659e-21)
(-3.87602 0.221313 -7.26394e-22)
(-3.86051 0.173564 5.66138e-22)
(-3.84879 0.124744 -3.4003e-22)
(-3.84093 0.0751554 -6.08138e-23)
(-3.83701 0.0251035 -3.25397e-24)
(-3.8705 -2.7486e-16 0)
(-3.8705 0 0)
(-3.8705 0 0)
(-3.8705 0 0)
(-3.8705 0 0)
(-3.8705 0 0)
(-3.8705 0 0)
(-3.8705 0 0)
(-3.8705 0 0)
(-3.8705 0 0)
(-3.8705 0 0)
(-3.8705 0 0)
(-3.8705 0 0)
(-3.8705 0 0)
(-3.8705 0 0)
(-3.8705 0 0)
(-3.8705 0 0)
(-3.8705 0 0)
(-3.8705 0 0)
(-3.8705 0 0)
(-3.8705 0 0)
(-3.8705 0 0)
(-3.8705 0 0)
(-3.8705 0 0)
(-3.8705 0 0)
(-3.8705 0 0)
(-3.8705 0 0)
(-3.8705 0 0)
(-3.8705 0 0)
(-3.8705 0 0)
(-3.8705 0 0)
(-3.8705 0 0)
(-3.8705 0 0)
(-3.8705 0 0)
(-3.8705 0 0)
(-3.8705 0 0)
(-3.8705 0 0)
(-3.8705 0 0)
(-3.8705 0 0)
(-3.8705 0 0)
(-3.8705 0 0)
(-3.8705 0 0)
(-3.8705 0 0)
(-3.8705 0 0)
(-3.8705 0 0)
(-3.8705 0 0)
(-3.8705 0 0)
(-3.8705 0 0)
(-3.8705 0 0)
(-3.8705 0 0)
(-3.8705 0 0)
(-3.8705 0 0)
(-3.8705 0 0)
(-3.8705 0 0)
(-3.8705 0 0)
(-3.8705 0 0)
(-3.8705 0 0)
(-3.8705 0 0)
(-3.8705 0 0)
(-3.8705 0 0)
(-3.8705 0 0)
(-3.8705 0 0)
(-3.8705 0 0)
(-3.8705 0 0)
(-3.8705 0 0)
(-3.8705 0 0)
(-3.8705 0 0)
(-3.8705 0 0)
(-3.8705 0 0)
(-3.8705 0 0)
(-3.8705 0 0)
(-3.8705 0 0)
(-3.8705 0 0)
(-3.8705 0 0)
(-3.8705 0 0)
(-3.8705 0 0)
(-3.8705 0 0)
(-3.8705 0 0)
(-3.8705 0 0)
(-3.8705 0 0)
(-3.8705 0 0)
(-3.8705 0 0)
(-3.8705 0 0)
(-3.8705 0 0)
(-3.8705 0 0)
(-3.8705 0 0)
(-3.8705 0 0)
(-3.8705 0 0)
(-3.8705 0 0)
(-3.8705 0 0)
(-3.8705 0 0)
(-3.8705 0 0)
(-3.8705 0 0)
(-3.8705 0 0)
(-3.8705 0 0)
(-3.8705 0 0)
(-3.8705 0 0)
(-3.8705 0 0)
(-3.8705 0 0)
(-3.8705 0 0)
(-3.8705 0 0)
(-3.8705 0 0)
(-3.8705 0 0)
(-3.8705 0 0)
(-3.8705 0 0)
(-3.8705 0 0)
(-3.8705 0 0)
(-3.8705 0 0)
(-3.8705 0 0)
(-3.8705 0 0)
(-3.8705 0 0)
(-3.8705 0 0)
(-3.8705 0 0)
(-3.8705 0 0)
(-3.8705 0 0)
(-3.8705 0 0)
(-3.8705 0 0)
(-3.8705 0 0)
(-3.8705 0 0)
(-3.8705 0 0)
(-3.8705 0 0)
(-3.8705 0 0)
(-3.8705 0 0)
(-3.8705 0 0)
(-3.8705 0 0)
(-3.8705 0 0)
(-3.8705 0 0)
(-3.8705 0 0)
(-3.8705 0 0)
(-3.8705 0 0)
(-3.8705 0 0)
(-3.8705 0 0)
(-3.8705 0 0)
(-3.8705 0 0)
(-3.8705 0 0)
(-3.8705 0 0)
(-3.8705 0 0)
(-3.8705 0 0)
(-3.8705 0 0)
(-3.8705 0 0)
(-3.8705 0 0)
(-3.8705 0 0)
(-3.8705 0 0)
(-3.8705 0 0)
(-3.8705 0 0)
(-3.8705 0 0)
(-3.8705 0 0)
(-3.8705 0 0)
(-3.8705 0 0)
(-3.8705 0 0)
(-3.8705 0 0)
(-3.8705 0 0)
(-3.8705 0 0)
(-3.8705 0 0)
(-3.8705 0 0)
(-3.8705 0 0)
(-3.8705 0 0)
(-3.8705 0 0)
(-3.8705 0 0)
(-3.8705 0 0)
(-3.8705 0 0)
(-3.8705 0 0)
(-3.8705 0 0)
(-3.8705 0 0)
(-3.8705 0 0)
(-3.8705 0 0)
(-3.8705 0 0)
(-3.8705 0 0)
(-3.8705 0 0)
(-3.8705 0 0)
(-3.8705 0 0)
(-3.8705 0 0)
(-3.8705 0 0)
(-3.8705 0 0)
(-3.8705 0 0)
(-3.8705 0 0)
(-3.8705 0 0)
(-3.8705 0 0)
(-3.8705 0 0)
(-3.8705 0 0)
(-3.8705 0 0)
(-3.8705 0 0)
(-3.8705 0 0)
(-3.8705 0 0)
(-3.8705 0 0)
(-3.8705 0 0)
(-3.8705 0 0)
(-3.8705 0 0)
(-3.8705 0 0)
(-3.8705 0 0)
(-3.8705 0 0)
(-3.8705 0 0)
(-3.8705 0 0)
(-3.8705 0 0)
(-3.8705 0 0)
(-3.8705 0 0)
(-3.8705 0 0)
(-3.8705 0 0)
(-3.8705 0 0)
(-3.8705 0 0)
(-3.8705 0 0)
(-3.8705 0 0)
(-3.8705 0 0)
(-3.8705 0 0)
(-3.8705 0 0)
(-3.8705 0 0)
(-3.8705 0 0)
(-3.8705 0 0)
(-3.8705 0 0)
(-3.8705 0 0)
(-3.8705 0 0)
(-3.8705 0 0)
(-3.8705 0 0)
(-3.8705 0 0)
(-3.8705 0 0)
(-3.8705 0 0)
(-3.8705 0 0)
(-3.8705 0 0)
(-3.8705 0 0)
(-3.8705 0 0)
(-3.8705 0 0)
(-3.8705 0 0)
(-3.8705 0 0)
(-3.8705 0 0)
(-3.8705 0 0)
(-3.8705 0 0)
(-3.8705 0 0)
(-3.8705 0 0)
(-3.8705 0 0)
(-3.8705 0 0)
(-3.8705 0 0)
(-3.8705 0 0)
(-3.8705 0 0)
(-3.8705 0 0)
(-3.8705 0 0)
(-3.8705 0 0)
(-3.8705 0 0)
(-3.8705 0 0)
(-3.8705 0 0)
(-3.8705 0 0)
(-3.8705 0 0)
(-3.8705 0 0)
(-3.8705 0 0)
(-3.8705 0 0)
(-3.8705 0 0)
(-3.8705 0 0)
(-3.8705 0 0)
(-3.8705 0 0)
(-3.8705 0 0)
(-3.8705 0 0)
(-3.8705 0 0)
(-3.8705 0 0)
(-3.8705 0 0)
(-3.8705 0 0)
(-3.8705 0 0)
(-3.8705 0 0)
(-3.8705 0 0)
(-3.8705 0 0)
(-3.8705 0 0)
(-3.8705 0 0)
(-3.8705 0 0)
(-3.8705 0 0)
(-3.8705 0 0)
(-3.8705 0 0)
(-3.8705 0 0)
(-3.8705 0 0)
(-3.8705 0 0)
(-3.8705 0 0)
(-3.8705 0 0)
(-3.8705 0 0)
(-3.8705 0 0)
(-3.8705 0 0)
(-3.8705 0 0)
(-3.8705 0 0)
(-3.8705 0 0)
(-3.8705 0 0)
(-3.8705 0 0)
(-3.8705 0 0)
(-3.8705 0 0)
(-3.8705 0 0)
(-3.8705 0 0)
(-3.8705 0 0)
(-3.8705 0 0)
(-3.8705 0 0)
(-3.8705 0 0)
(-3.8705 0 0)
(-3.8705 0 0)
(-3.8705 0 0)
(-3.8705 0 0)
(-3.8705 0 0)
(-3.8705 0 0)
(-3.8705 0 0)
(-3.8705 0 0)
(-3.8705 0 0)
(-3.8705 0 0)
(-3.8705 0 0)
(-3.8705 0 0)
(-3.8705 0 0)
(-3.8705 0 0)
(-3.8705 0 0)
)
;
    }
    defaultFaces
    {
        type            empty;
    }
}


// ************************************************************************* //
